6 00300 0600 000 0
6 00330 0600 000 0
2 00500 0050 000 0
1 00700 0400 000 0
0 01200 0570 030 a
0 01458 0416 000 b
7 02300 0500 000 8
0 03300 0600 045 a
0 03513 0383 000 r
0 03800 0475 000 B
8 04100 0460 000 4
0 05000 0600 045 b
3 05350 0500 000 0
0 05212 0383 000 a
5 06450 0500 000 0
5 06500 0500 000 0
5 06550 0500 000 0
0 07500 0450 000 b
0 07800 0450 000 a
2 07800 0050 000 0
0 07800 0345 000 r
5 07850 0300 000 0
5 07900 0300 000 0
5 07950 0300 000 0
5 08000 0300 000 0
0 08100 0450 000 r
5 09350 0500 000 0
5 09400 0500 000 0
5 09450 0500 000 0
5 09500 0500 000 0
0 10000 0450 000 B	
3 10020 0395 000 0
8 16000 0460 000 6
7 13000 0500 100 6
7 21000 0500 300 4
9 30000 0400 000 0


