6 00500 0600 000 0
0 01250 0450 000 a
0 01550 0450 000 R
1 01525 0300 000 0
0 01650 0450 000 b
8 03000 0460 000 6
2 02600 0050 000 0
6 03600 0600 000 0
0 04100 0600 045 r
0 04313 0383 000 a
1 04250 0080 000 0
0 04600 0475 000 B
6 04700 0600 000 0
5 05500 0500 000 0
5 05550 0500 000 0
5 05600 0500 000 0
5 05650 0500 000 0
2 05100 0050 000 0
2 06300 0050 000 0
3 06400 0500 000 0
3 06450 0500 000 0
0 07600 0450 000 b
5 07800 0400 000 0
6 07800 0600 000 0
6 07850 0600 000 0
5 07850 0400 000 0
5 07900 0400 000 0
0 07900 0450 000 b
2 09100 0050 000 0
7 09600 0450 300 9
5 09750 0500 000 0
5 09800 0500 000 0
5 09850 0500 000 0
5 09900 0500 000 0
6 10600 0600 000 0
6 10650 0600 000 0
2 10800 0050 000 0
0 11000 0450 000 B
5 11000 0400 000 0
5 11050 0400 000 0
8 12000 0460 000 5
3 12800 0500 000 0
0 14000 0570 030 a
0 14258 0416 000 b
2 14600 0050 000 0
6 15000 0600 000 0
5 15000 0150 000 0
5 15050 0150 000 0
5 15100 0150 000 0
5 15150 0150 000 0
7 16500 0450 000 7
2 16800 0050 000 0
5 17150 0500 000 0
5 17200 0500 000 0
5 17250 0500 000 0
5 17300 0500 000 0
6 17800 0600 000 0
6 17850 0600 000 0
6 17900 0600 000 0
1 18600 0400 000 0
1 18650 0400 000 0
1 18700 0400 000 0
1 18750 0400 000 0
2 18750 0050 000 0
1 18800 0400 000 0
8 20000 0460 000 6
6 21100 0600 000 0
6 21150 0600 000 0
2 21200 0050 000 0
0 22000 0570 030 a
0 22258 0416 000 b
3 22600 0380 000 0
3 22650 0380 000 0
2 23650 0050 000 0
2 23700 0050 000 0
5 25000 0250 000 0
5 25050 0250 000 0
5 25100 0250 000 0
5 25150 0250 000 0
5 25200 0250 000 0
9 27500 0400 000 0
