6 00500 0600 000 0
0 01100 0600 045 a
0 01313 0383 000 b
1 01650 0200 000 0
0 01600 0475 000 B
2 02600 0050 000 0
7 03600 0450 300 3
6 03600 0600 000 0
5 03750 0500 000 0
5 03800 0500 000 0
5 03850 0500 000 0
5 03900 0500 000 0 
6 04700 0600 000 0
8 05000 0460 000 7
2 05100 0050 000 0
2 06300 0050 000 0
3 06600 0500 000 0
3 06700 0500 000 0
0 07500 0450 000 b
0 07800 0450 000 a
2 07800 0050 000 0
0 07800 0345 000 r
5 07850 0300 000 0
6 07800 0600 000 0
6 07850 0600 000 0
5 07900 0300 000 0
5 07950 0300 000 0
5 08000 0300 000 0
0 08100 0450 000 r
7 09000 0450 050 9
2 09100 0050 000 0
5 09500 0500 000 0
5 09550 0400 000 0
5 09600 0500 000 0
5 09650 0400 000 0
0 10000 0450 000 b
0 10500 0250 000 R
3 10400 0500 000 0
3 10600 0500 000 0
6 10600 0600 000 0
6 10650 0600 000 0
2 10800 0050 000 0
0 10800 0450 000 b
5 12000 0250 000 0
5 12050 0250 000 0
5 12100 0250 000 0
5 12150 0250 000 0
5 12200 0250 000 0
0 13500 0450 000 b
0 13800 0345 000 a
0 14100 0248 000 r
5 14450 0300 000 0
5 14450 0340 000 0 
5 14450 0380 000 0
5 14450 0420 000 0
5 14450 0460 000 0
2 14600 0050 000 0
6 15000 0600 000 0
0 15700 0450 000 R
3 15700 0400 000 0
2 16800 0050 000 0
3 17100 0500 000 0
0 17200 0350 000 A
3 17300 0500 000 0
6 17800 0600 000 0
6 17850 0600 000 0
6 17900 0600 000 0
2 18750 0050 000 0
0 19250 0450 000 a
0 19550 0450 000 R
1 19475 0300 000 0
1 19525 0300 000 0
1 19575 0300 000 0
0 19650 0450 000 b
8 20800 0460 000 8
6 21100 0600 000 0
6 21150 0600 000 0
2 21200 0050 000 0
0 22000 0570 030 a
0 22258 0416 000 b
3 22600 0380 000 0
3 22650 0380 000 0
2 23650 0050 000 0
2 23700 0050 000 0
5 25000 0250 000 0
5 25050 0250 000 0
5 25100 0250 000 0
5 25150 0250 000 0
5 25200 0250 000 0
9 27000 0400 000 0
